  4.35         622.         .222    
  4.50         392.         .160    
  4.65         285.         .133    
  4.80         271.         .143    
  4.95         322.         .192    
  5.10         413.         .278    
  5.25         525.         .397    
  5.40         641.         .543    
  5.55         748.         .707    
  5.70         837.         .879    
  5.85         900.         1.05    
  6.00         936.         1.21    
  6.15         943.         1.34    
  6.30         922.         1.44    
  6.45         877.         1.51    
  6.60         811.         1.53    
  6.75         730.         1.51    
  6.90         638.         1.44    
  7.05         542.         1.33    
  7.20         445.         1.19    
  7.35         351.         1.02    
  7.50         266.         .836    
  7.65         190.         .648    
  7.80         127.         .468    
  7.95         77.4         .307    
  8.10         41.1         .176    
  8.25         17.9         .822E-01
  8.40         6.56         .324E-01
  8.55         5.67         .301E-01
  8.70         13.3         .756E-01
  8.85         27.3         .167    
  9.00         45.7         .298    
  9.15         66.2         .461    
  9.30         87.1         .647    
  9.45         107.         .844    
  9.60         123.         1.04    
  9.75         136.         1.22    
  9.90         145.         1.38    
  10.0         149.         1.51    
  10.2         149.         1.60    
  10.3         144.         1.64    
  10.5         135.         1.63    
  10.7         123.         1.57    
  10.8         109.         1.47    
  10.9         93.4         1.33    
  11.1         77.3         1.16    
  11.2         61.3         .973    
  11.4         46.4         .776    
  11.5         33.0         .582    
  11.7         21.6         .401    
  11.8         12.6         .246    
  12.0         6.01         .123    
  12.2         1.91         .411E-01
  12.3         .130         .294E-02
  12.4         .443         .105E-01
  12.6         2.51         .627E-01
  12.8         5.95         .156    
  12.9         10.3         .283    
  13.0         15.3         .437    
  13.2         20.3         .608    
  13.3         25.1         .786    
  13.5         29.3         .960    
  13.7         32.7         1.12    
  13.8         35.1         1.26    
  13.9         36.4         1.36    
  14.1         36.6         1.43    
  14.2         35.8         1.46    
  14.4         34.0         1.44    
  14.5         31.3         1.39    
  14.7         28.1         1.29    
  14.8         24.4         1.17    
  15.0         20.5         1.02    
  15.1         16.6         .859    
  15.3         12.8         .690    
  15.4         9.33         .523    
  15.6         6.33         .369    
  15.8         3.88         .235    
  15.9         2.03         .128    
  16.1         .808         .528E-01
  16.2         .193         .131E-01
  16.3         .140         .981E-02
  16.5         .577         .421E-01
  16.6         1.41         .107    
  16.8         2.55         .200    
  16.9         3.87         .314    
  17.1         5.27         .443    
  17.2         6.65         .578    
  17.4         7.92         .712    
  17.6         8.99         .838    
  17.7         9.83         .946    
  17.8         10.4         1.03    
  18.0         10.6         1.09    
  18.1         10.6         1.12    
  18.3         10.2         1.12    
  18.4         9.62         1.09    
  18.6         8.81         1.03    
  18.8         7.84         .949    
  18.9         6.77         .845    
  19.1         5.65         .728    
  19.2         4.53         .603    
  19.3         3.48         .477    
  19.5         2.53         .358    
  19.6         1.71         .250    
  19.8         1.06         .159    
  19.9         .575         .890E-01
  20.1         .272         .434E-01
  20.2         .141         .232E-01
  20.4         .169         .285E-01
  20.6         .334         .581E-01
  20.7         .610         .109    
  20.8         .967         .178    
  21.0         1.37         .261    
  21.1         1.80         .351    
  21.3         2.22         .445    
  21.4         2.60         .536    
  21.6         2.92         .619    
  21.8         3.17         .691    
  21.9         3.33         .746    
  22.1         3.41         .783    
  22.2         3.39         .800    
  22.3         3.28         .796    
  22.5         3.10         .772    
  22.6         2.85         .729    
  22.8         2.56         .671    
  22.9         2.23         .600    
  23.1         1.88         .520    
  23.2         1.53         .435    
  23.4         1.20         .350    
  23.6         .903         .269    
  23.7         .642         .196    
  23.8         .428         .134    
  24.0         .266         .855E-01
  24.1         .159         .524E-01
  24.3         .105         .355E-01
  24.4         .102         .351E-01
  24.6         .142         .502E-01
  24.8         .219         .794E-01
  24.9         .324         .120    
  25.1         .448         .170    
  25.2         .580         .226    
  25.3         .714         .284    
  25.5         .839         .342    
  25.6         .948         .396    
  25.8         1.04         .443    
  25.9         1.10         .481    
  26.1         1.14         .508    
  26.2         1.14         .523    
  26.4         1.12         .525    
  26.6         1.08         .515    
  26.7         1.01         .493    
  26.8         .922         .461    
  27.0         .822         .420    
  27.1         .714         .373    
  27.3         .603         .321    
  27.4         .493         .269    
  27.6         .390         .217    
  27.8         .297         .169    
  27.9         .217         .126    
  28.1         .153         .906E-01
  28.2         .105         .637E-01
  28.3         .748E-01     .463E-01
  28.5         .611E-01     .385E-01
  28.6         .627E-01     .404E-01
  28.8         .779E-01     .512E-01
  28.9         .104         .700E-01
  29.1         .139         .953E-01
  29.2         .180         .126    
  29.4         .223         .159    
  29.5         .266         .193    
  29.7         .306         .227    
  29.8         .341         .258    
  30.0         .370         .285    
  30.1         .390         .307    
  30.3         .402         .323    
  30.4         .405         .331    
  30.6         .399         .332    
  30.8         .384         .326    
  30.9         .362         .313    
  31.0         .334         .294    
  31.2         .301         .270    
  31.3         .265         .243    
  31.5         .228         .213    
  31.6         .191         .181    
  31.8         .156         .151    
  31.9         .123         .122    
  32.1         .950E-01     .955E-01
  32.2         .716E-01     .732E-01
  32.4         .535E-01     .557E-01
  32.5         .410E-01     .434E-01
  32.7         .340E-01     .367E-01
  32.9         .323E-01     .355E-01
  33.0         .354E-01     .395E-01
  33.1         .425E-01     .483E-01
  33.3         .528E-01     .612E-01
  33.4         .655E-01     .772E-01
  33.6         .796E-01     .955E-01
  33.8         .941E-01     .115    
  33.9         .108         .134    
  34.0         .121         .153    
  34.2         .132         .170    
  34.4         .141         .184    
  34.5         .146         .195    
  34.6         .149         .202    
  34.8         .149         .205    
  34.9         .146         .203    
  35.1         .140         .198    
  35.2         .131         .190    
  35.4         .121         .178    
  35.5         .109         .163    
  35.7         .965E-01     .147    
  35.9         .836E-01     .129    
  36.0         .708E-01     .111    
  36.1         .586E-01     .934E-01
  36.3         .475E-01     .769E-01
  36.4         .379E-01     .623E-01
  36.6         .299E-01     .500E-01
  36.8         .238E-01     .404E-01
  36.9         .196E-01     .339E-01
  37.0         .174E-01     .304E-01
  37.2         .169E-01     .301E-01
  37.4         .180E-01     .326E-01
  37.5         .206E-01     .378E-01
  37.6         .242E-01     .451E-01
  37.8         .287E-01     .542E-01
  37.9         .336E-01     .645E-01
  38.1         .386E-01     .754E-01
  38.2         .435E-01     .862E-01
  38.4         .480E-01     .965E-01
  38.5         .518E-01     .106    
  38.7         .548E-01     .113    
  38.9         .567E-01     .119    
  39.0         .576E-01     .123    
  39.1         .575E-01     .124    
  39.3         .562E-01     .124    
  39.4         .540E-01     .121    
  39.6         .510E-01     .115    
  39.8         .472E-01     .108    
  39.9         .430E-01     .100    
  40.0         .383E-01     .906E-01
  40.2         .336E-01     .805E-01
  40.4         .289E-01     .702E-01
  40.5         .244E-01     .601E-01
  40.6         .202E-01     .506E-01
  40.8         .166E-01     .420E-01
  40.9         .135E-01     .348E-01
  41.1         .111E-01     .290E-01
  41.2         .938E-02     .248E-01
  41.4         .834E-02     .224E-01
  41.5         .795E-02     .216E-01
  41.7         .816E-02     .225E-01
  41.9         .888E-02     .248E-01
  42.0         .100E-01     .284E-01
  42.1         .115E-01     .330E-01
  42.3         .131E-01     .382E-01
  42.4         .148E-01     .438E-01
  42.6         .165E-01     .495E-01
  42.8         .181E-01     .549E-01
  42.9         .195E-01     .598E-01
  43.0         .205E-01     .640E-01
  43.2         .213E-01     .672E-01
  43.4         .217E-01     .694E-01
  43.5         .217E-01     .704E-01
  43.6         .214E-01     .702E-01
  43.8         .207E-01     .688E-01
  43.9         .197E-01     .664E-01
  44.1         .184E-01     .630E-01
  44.2         .170E-01     .588E-01
  44.4         .154E-01     .541E-01
  44.5         .138E-01     .489E-01
  44.7         .121E-01     .436E-01
  44.9         .105E-01     .383E-01
  45.0         .901E-02     .332E-01
  45.1         .766E-02     .286E-01
  45.3         .648E-02     .245E-01
  45.4         .552E-02     .211E-01
  45.6         .477E-02     .185E-01
  45.8         .425E-02     .167E-01
  45.9         .395E-02     .157E-01
  46.0         .384E-02     .155E-01
  46.2         .392E-02     .160E-01
  46.4         .415E-02     .171E-01
  46.5         .450E-02     .188E-01
  46.6         .493E-02     .208E-01
  46.8         .541E-02     .232E-01
  46.9         .591E-02     .256E-01
  47.1         .639E-02     .280E-01
  47.2         .683E-02     .303E-01
  47.4         .720E-02     .323E-01
  47.5         .749E-02     .340E-01
  47.7         .767E-02     .353E-01
  47.9         .775E-02     .361E-01
  48.0         .773E-02     .364E-01
  48.1         .760E-02     .362E-01
  48.3         .737E-02     .355E-01
  48.4         .706E-02     .344E-01
  48.6         .667E-02     .329E-01
  48.8         .623E-02     .311E-01
  48.9         .575E-02     .290E-01
  49.0         .525E-02     .268E-01
  49.2         .474E-02     .245E-01
  49.4         .424E-02     .222E-01
  49.5         .377E-02     .199E-01
  49.6         .333E-02     .178E-01
  49.8         .294E-02     .159E-01
  49.9         .260E-02     .142E-01
  50.1         .233E-02     .128E-01
  50.2         .210E-02     .118E-01
  50.4         .194E-02     .110E-01
  50.5         .184E-02     .105E-01
  50.7         .179E-02     .103E-01
  50.9         .179E-02     .104E-01
  51.0         .182E-02     .108E-01
  51.1         .189E-02     .113E-01
  51.3         .198E-02     .120E-01
  51.4         .209E-02     .128E-01
  51.6         .221E-02     .136E-01
  51.8         .233E-02     .145E-01
  51.9         .245E-02     .154E-01
  52.0         .255E-02     .162E-01
  52.2         .264E-02     .170E-01
  52.4         .270E-02     .176E-01
  52.5         .275E-02     .181E-01
  52.6         .277E-02     .184E-01
  52.8         .276E-02     .186E-01
  52.9         .273E-02     .185E-01
  53.1         .268E-02     .184E-01
  53.2         .260E-02     .180E-01
  53.4         .250E-02     .175E-01
  53.5         .239E-02     .169E-01
  53.7         .226E-02     .162E-01
  53.9         .212E-02     .153E-01
  54.0         .198E-02     .145E-01
  54.1         .183E-02     .135E-01
  54.3         .169E-02     .126E-01
  54.4         .155E-02     .117E-01
  54.6         .141E-02     .108E-01
  54.8         .129E-02     .993E-02
  54.9         .118E-02     .918E-02
  55.0         .109E-02     .852E-02
  55.2         .101E-02     .798E-02
  55.4         .945E-03     .756E-02
  55.5         .899E-03     .727E-02
  55.6         .870E-03     .710E-02
  55.8         .857E-03     .706E-02
  55.9         .858E-03     .715E-02
  56.1         .872E-03     .733E-02
  56.2         .897E-03     .762E-02
  56.4         .930E-03     .797E-02
  56.5         .969E-03     .839E-02
  56.7         .101E-02     .883E-02
  56.9         .105E-02     .929E-02
  57.0         .109E-02     .974E-02
  57.1         .113E-02     .102E-01
  57.3         .116E-02     .105E-01
  57.4         .118E-02     .108E-01
  57.6         .119E-02     .110E-01
  57.8         .119E-02     .111E-01
  57.9         .118E-02     .111E-01
  58.0         .116E-02     .110E-01
  58.2         .112E-02     .108E-01
  58.3         .108E-02     .105E-01
  58.5         .103E-02     .101E-01
  58.6         .971E-03     .961E-02
  58.8         .907E-03     .906E-02
  58.9         .840E-03     .846E-02
  59.1         .771E-03     .784E-02
  59.2         .702E-03     .721E-02
  59.4         .636E-03     .659E-02
  59.5         .574E-03     .600E-02
  59.7         .518E-03     .546E-02
  59.8         .469E-03     .499E-02
  60.0         .427E-03     .459E-02
  60.1         .394E-03     .427E-02
  60.3         .369E-03     .404E-02
  60.4         .353E-03     .390E-02
  60.6         .345E-03     .385E-02
  60.8         .345E-03     .387E-02
  60.9         .350E-03     .397E-02
  61.0         .361E-03     .413E-02
  61.2         .376E-03     .434E-02
  61.3         .394E-03     .459E-02
  61.5         .413E-03     .485E-02
  61.6         .431E-03     .511E-02
  61.8         .449E-03     .537E-02
  61.9         .464E-03     .560E-02
  62.1         .477E-03     .580E-02
  62.2         .485E-03     .595E-02
  62.4         .489E-03     .606E-02
  62.5         .489E-03     .610E-02
  62.7         .484E-03     .609E-02
  62.8         .474E-03     .602E-02
  63.0         .461E-03     .590E-02
  63.1         .444E-03     .573E-02
  63.3         .423E-03     .552E-02
  63.4         .401E-03     .527E-02
  63.6         .377E-03     .500E-02
  63.8         .352E-03     .470E-02
  63.9         .327E-03     .440E-02
  64.0         .302E-03     .411E-02
  64.2         .279E-03     .382E-02
  64.3         .257E-03     .355E-02
  64.5         .237E-03     .330E-02
  64.6         .219E-03     .308E-02
  64.8         .204E-03     .289E-02
  65.0         .191E-03     .273E-02
  65.1         .181E-03     .261E-02
  65.2         .174E-03     .253E-02
  65.4         .169E-03     .247E-02
  65.5         .166E-03     .244E-02
  65.7         .164E-03     .244E-02
  65.8         .164E-03     .246E-02
  66.0         .165E-03     .250E-02
  66.1         .167E-03     .255E-02
  66.3         .170E-03     .261E-02
  66.5         .173E-03     .268E-02
  66.6         .175E-03     .274E-02
  66.8         .178E-03     .280E-02
  66.9         .180E-03     .285E-02
  67.0         .181E-03     .290E-02
  67.2         .182E-03     .293E-02
  67.3         .182E-03     .295E-02
  67.5         .181E-03     .296E-02
  67.6         .179E-03     .296E-02
  67.8         .177E-03     .295E-02
  68.0         .174E-03     .292E-02
  68.1         .170E-03     .288E-02
  68.2         .166E-03     .283E-02
  68.4         .161E-03     .277E-02
  68.5         .156E-03     .270E-02
  68.7         .150E-03     .262E-02
  68.8         .144E-03     .254E-02
  69.0         .138E-03     .245E-02
  69.1         .132E-03     .235E-02
  69.3         .126E-03     .226E-02
  69.5         .120E-03     .216E-02
  69.6         .113E-03     .207E-02
  69.8         .107E-03     .197E-02
  69.9         .102E-03     .188E-02
  70.0         .962E-04     .179E-02
  70.2         .910E-04     .171E-02
  70.3         .863E-04     .163E-02
  70.5         .821E-04     .157E-02
  70.6         .783E-04     .151E-02
  70.8         .752E-04     .146E-02
  71.0         .726E-04     .142E-02
  71.1         .707E-04     .139E-02
  71.2         .693E-04     .137E-02
  71.4         .686E-04     .137E-02
  71.5         .685E-04     .138E-02
  71.7         .689E-04     .139E-02
  71.8         .698E-04     .142E-02
  72.0         .711E-04     .146E-02
  72.1         .727E-04     .150E-02
  72.3         .745E-04     .155E-02
  72.5         .764E-04     .160E-02
  72.6         .784E-04     .165E-02
  72.8         .802E-04     .171E-02
  72.9         .818E-04     .175E-02
  73.0         .831E-04     .179E-02
  73.2         .839E-04     .182E-02
  73.3         .843E-04     .185E-02
  73.5         .842E-04     .185E-02
  73.6         .835E-04     .185E-02
  73.8         .822E-04     .184E-02
  74.0         .803E-04     .181E-02
  74.1         .779E-04     .176E-02
  74.2         .750E-04     .171E-02
  74.4         .716E-04     .165E-02
  74.5         .680E-04     .157E-02
  74.7         .641E-04     .149E-02
  74.8         .600E-04     .141E-02
  75.0         .560E-04     .132E-02
  75.1         .520E-04     .124E-02
  75.3         .481E-04     .115E-02
  75.5         .446E-04     .107E-02
  75.6         .413E-04     .100E-02
  75.8         .385E-04     .939E-03
  75.9         .360E-04     .886E-03
  76.0         .341E-04     .844E-03
  76.2         .326E-04     .812E-03
  76.3         .315E-04     .792E-03
  76.5         .309E-04     .781E-03
  76.6         .307E-04     .781E-03
  76.8         .308E-04     .788E-03
  77.0         .312E-04     .803E-03
  77.1         .317E-04     .823E-03
  77.2         .324E-04     .846E-03
  77.4         .331E-04     .870E-03
  77.5         .338E-04     .894E-03
  77.7         .344E-04     .916E-03
  77.8         .349E-04     .935E-03
  78.0         .352E-04     .949E-03
  78.1         .352E-04     .956E-03
  78.3         .351E-04     .958E-03
  78.5         .346E-04     .952E-03
  78.6         .340E-04     .939E-03
  78.8         .330E-04     .920E-03
  78.9         .319E-04     .894E-03
  79.0         .306E-04     .862E-03
  79.2         .291E-04     .826E-03
  79.3         .275E-04     .786E-03
  79.5         .259E-04     .744E-03
  79.6         .242E-04     .700E-03
  79.8         .225E-04     .656E-03
  80.0         .209E-04     .612E-03
  80.1         .194E-04     .571E-03
  80.2         .180E-04     .533E-03
  80.4         .167E-04     .498E-03
  80.5         .155E-04     .467E-03
  80.7         .146E-04     .440E-03
  80.8         .138E-04     .418E-03
  81.0         .131E-04     .401E-03
  81.1         .126E-04     .389E-03
  81.3         .123E-04     .380E-03
  81.5         .121E-04     .376E-03
  81.6         .119E-04     .374E-03
  81.8         .119E-04     .376E-03
  81.9         .120E-04     .379E-03
  82.0         .120E-04     .384E-03
  82.2         .122E-04     .390E-03
  82.3         .123E-04     .397E-03
  82.5         .124E-04     .403E-03
  82.6         .125E-04     .408E-03
  82.8         .126E-04     .413E-03
  83.0         .126E-04     .417E-03
  83.1         .126E-04     .419E-03
  83.2         .126E-04     .420E-03
  83.4         .125E-04     .420E-03
  83.5         .124E-04     .419E-03
  83.7         .122E-04     .417E-03
  83.8         .121E-04     .414E-03
  84.0         .119E-04     .411E-03
  84.1         .117E-04     .407E-03
  84.3         .116E-04     .404E-03
  84.5         .114E-04     .401E-03
  84.6         .113E-04     .398E-03
  84.8         .112E-04     .397E-03
  84.9         .111E-04     .396E-03
  85.0         .110E-04     .396E-03
  85.2         .110E-04     .396E-03
  85.3         .110E-04     .398E-03
  85.5         .110E-04     .400E-03
  85.6         .110E-04     .403E-03
  85.8         .110E-04     .405E-03
  86.0         .110E-04     .408E-03
  86.1         .110E-04     .410E-03
  86.2         .109E-04     .411E-03
  86.4         .109E-04     .411E-03
  86.5         .108E-04     .410E-03
  86.7         .107E-04     .407E-03
  86.8         .105E-04     .403E-03
  87.0         .103E-04     .396E-03
  87.1         .100E-04     .389E-03
  87.3         .972E-05     .379E-03
  87.5         .939E-05     .369E-03
  87.6         .903E-05     .356E-03
  87.8         .866E-05     .344E-03
  87.9         .827E-05     .330E-03
  88.0         .789E-05     .316E-03
  88.2         .751E-05     .303E-03
  88.3         .715E-05     .290E-03
  88.5         .682E-05     .278E-03
  88.6         .652E-05     .267E-03
  88.8         .627E-05     .258E-03
  89.0         .606E-05     .251E-03
  89.1         .591E-05     .246E-03
  89.2         .580E-05     .243E-03
  89.4         .574E-05     .242E-03
  89.5         .573E-05     .243E-03
  89.7         .576E-05     .245E-03
  89.8         .582E-05     .249E-03
  90.0         .591E-05     .254E-03
  90.1         .601E-05     .260E-03
  90.3         .612E-05     .266E-03
  90.5         .623E-05     .272E-03
  90.6         .632E-05     .277E-03
  90.8         .639E-05     .282E-03
  90.9         .643E-05     .285E-03
  91.0         .643E-05     .286E-03
  91.2         .639E-05     .286E-03
  91.3         .630E-05     .284E-03
  91.5         .617E-05     .279E-03
  91.6         .599E-05     .272E-03
  91.8         .577E-05     .264E-03
  92.0         .551E-05     .253E-03
  92.1         .521E-05     .241E-03
  92.2         .489E-05     .227E-03
  92.4         .456E-05     .213E-03
  92.5         .421E-05     .197E-03
  92.7         .386E-05     .182E-03
  92.8         .352E-05     .167E-03
  93.0         .320E-05     .152E-03
  93.1         .289E-05     .138E-03
  93.3         .262E-05     .126E-03
  93.5         .238E-05     .115E-03
  93.6         .218E-05     .106E-03
  93.8         .202E-05     .986E-04
  93.9         .190E-05     .932E-04
  94.0         .182E-05     .898E-04
  94.2         .178E-05     .883E-04
  94.3         .178E-05     .885E-04
  94.5         .181E-05     .903E-04
  94.6         .186E-05     .934E-04
  94.8         .194E-05     .977E-04
  95.0         .203E-05     .103E-03
  95.1         .212E-05     .108E-03
  95.2         .223E-05     .114E-03
  95.4         .233E-05     .120E-03
  95.5         .242E-05     .125E-03
  95.7         .250E-05     .130E-03
  95.8         .257E-05     .134E-03
  96.0         .262E-05     .137E-03
  96.1         .265E-05     .139E-03
  96.3         .265E-05     .140E-03
  96.5         .264E-05     .140E-03
  96.6         .260E-05     .139E-03
  96.8         .255E-05     .137E-03
  96.9         .247E-05     .133E-03
  97.0         .238E-05     .129E-03
  97.2         .228E-05     .124E-03
  97.3         .216E-05     .118E-03
  97.5         .204E-05     .112E-03
  97.6         .192E-05     .106E-03
  97.8         .179E-05     .994E-04
  98.0         .167E-05     .931E-04
  98.1         .155E-05     .869E-04
  98.2         .144E-05     .811E-04
  98.4         .134E-05     .757E-04
  98.5         .125E-05     .710E-04
  98.7         .117E-05     .669E-04
  98.8         .111E-05     .636E-04
  99.0         .106E-05     .610E-04
  99.1         .102E-05     .592E-04
  99.3         .100E-05     .581E-04
  99.5         .993E-06     .578E-04
  99.6         .995E-06     .582E-04
  99.8         .101E-05     .592E-04
  99.9         .103E-05     .608E-04
  100.         .106E-05     .628E-04
  100.         .109E-05     .652E-04
  100.         .113E-05     .678E-04
  100.         .118E-05     .706E-04
  101.         .122E-05     .734E-04
  101.         .126E-05     .761E-04
  101.         .129E-05     .787E-04
  101.         .132E-05     .810E-04
  101.         .135E-05     .828E-04
  101.         .137E-05     .843E-04
  102.         .138E-05     .853E-04
  102.         .138E-05     .857E-04
  102.         .137E-05     .855E-04
  102.         .135E-05     .848E-04
  102.         .133E-05     .835E-04
  102.         .129E-05     .816E-04
  102.         .125E-05     .793E-04
  103.         .120E-05     .765E-04
  103.         .115E-05     .734E-04
  103.         .109E-05     .700E-04
  103.         .103E-05     .664E-04
  103.         .967E-06     .627E-04
  103.         .907E-06     .591E-04
  104.         .850E-06     .556E-04
  104.         .797E-06     .523E-04
  104.         .749E-06     .494E-04
  104.         .708E-06     .469E-04
  104.         .675E-06     .449E-04
  104.         .650E-06     .434E-04
  104.         .633E-06     .424E-04
  105.         .626E-06     .421E-04
  105.         .627E-06     .424E-04
  105.         .636E-06     .432E-04
  105.         .653E-06     .445E-04
  105.         .677E-06     .463E-04
  105.         .705E-06     .484E-04
  105.         .737E-06     .508E-04
  106.         .772E-06     .534E-04
  106.         .807E-06     .561E-04
  106.         .842E-06     .587E-04
  106.         .874E-06     .612E-04
  106.         .902E-06     .634E-04
  106.         .925E-06     .653E-04
  106.         .942E-06     .668E-04
  107.         .952E-06     .677E-04
  107.         .954E-06     .681E-04
  107.         .948E-06     .679E-04
  107.         .933E-06     .672E-04
  107.         .911E-06     .658E-04
  107.         .882E-06     .640E-04
  108.         .846E-06     .616E-04
  108.         .804E-06     .588E-04
  108.         .758E-06     .556E-04
  108.         .710E-06     .523E-04
  108.         .659E-06     .488E-04
  108.         .609E-06     .452E-04
  108.         .561E-06     .418E-04
  109.         .515E-06     .385E-04
  109.         .473E-06     .355E-04
  109.         .438E-06     .330E-04
  109.         .408E-06     .309E-04
  109.         .386E-06     .293E-04
  109.         .372E-06     .283E-04
  110.         .365E-06     .279E-04
  110.         .367E-06     .282E-04
  110.         .377E-06     .290E-04
  110.         .394E-06     .305E-04
  110.         .418E-06     .324E-04
  110.         .447E-06     .348E-04
  110.         .482E-06     .376E-04
  111.         .519E-06     .407E-04
  111.         .559E-06     .441E-04
  111.         .600E-06     .474E-04
  111.         .641E-06     .508E-04
  111.         .680E-06     .541E-04
  111.         .716E-06     .572E-04
  111.         .747E-06     .599E-04
  112.         .774E-06     .623E-04
  112.         .795E-06     .642E-04
  112.         .809E-06     .656E-04
  112.         .817E-06     .664E-04
  112.         .817E-06     .667E-04
  112.         .810E-06     .664E-04
  112.         .797E-06     .655E-04
  113.         .776E-06     .640E-04
  113.         .750E-06     .621E-04
  113.         .718E-06     .596E-04
  113.         .682E-06     .568E-04
  113.         .641E-06     .536E-04
  113.         .598E-06     .502E-04
  114.         .553E-06     .465E-04
  114.         .506E-06     .428E-04
  114.         .460E-06     .390E-04
  114.         .414E-06     .352E-04
  114.         .370E-06     .315E-04
  114.         .328E-06     .281E-04
  114.         .289E-06     .248E-04
  115.         .253E-06     .218E-04
  115.         .221E-06     .191E-04
  115.         .193E-06     .167E-04
  115.         .169E-06     .147E-04
  115.         .149E-06     .131E-04
  115.         .134E-06     .117E-04
  116.         .122E-06     .108E-04
  116.         .115E-06     .101E-04
  116.         .110E-06     .974E-05
  116.         .109E-06     .964E-05
  116.         .110E-06     .978E-05
  116.         .113E-06     .101E-04
  116.         .118E-06     .106E-04
  117.         .124E-06     .112E-04
  117.         .132E-06     .119E-04
  117.         .139E-06     .126E-04
  117.         .147E-06     .134E-04
  117.         .155E-06     .141E-04
  117.         .162E-06     .148E-04
  117.         .168E-06     .154E-04
  118.         .174E-06     .160E-04
  118.         .178E-06     .165E-04
  118.         .182E-06     .168E-04
  118.         .184E-06     .171E-04
  118.         .185E-06     .173E-04
  118.         .185E-06     .173E-04
  118.         .184E-06     .172E-04
  119.         .182E-06     .171E-04
  119.         .179E-06     .168E-04
  119.         .175E-06     .165E-04
  119.         .170E-06     .161E-04
  119.         .164E-06     .156E-04
  119.         .158E-06     .151E-04
  120.         .151E-06     .145E-04
  120.         .144E-06     .139E-04
  120.         .137E-06     .132E-04
  120.         .129E-06     .125E-04
  120.         .121E-06     .117E-04
  120.         .113E-06     .110E-04
  120.         .104E-06     .102E-04
  121.         .958E-07     .938E-05
  121.         .873E-07     .857E-05
  121.         .789E-07     .777E-05
  121.         .706E-07     .697E-05
  121.         .624E-07     .618E-05
  121.         .544E-07     .540E-05
  122.         .467E-07     .465E-05
  122.         .394E-07     .394E-05
  122.         .325E-07     .326E-05
  122.         .263E-07     .264E-05
  122.         .206E-07     .208E-05
  122.         .157E-07     .159E-05
  122.         .116E-07     .118E-05
  123.         .845E-08     .859E-06
  123.         .625E-08     .638E-06
  123.         .510E-08     .522E-06
  123.         .504E-08     .517E-06
  123.         .612E-08     .629E-06
  123.         .833E-08     .859E-06
  123.         .117E-07     .121E-05
  124.         .161E-07     .167E-05
  124.         .217E-07     .225E-05
  124.         .282E-07     .294E-05
  124.         .356E-07     .372E-05
  124.         .437E-07     .459E-05
  124.         .526E-07     .553E-05
  124.         .619E-07     .652E-05
  125.         .715E-07     .756E-05
  125.         .813E-07     .862E-05
  125.         .910E-07     .968E-05
  125.         .101E-06     .107E-04
  125.         .110E-06     .117E-04
  125.         .118E-06     .127E-04
  126.         .126E-06     .135E-04
  126.         .133E-06     .143E-04
  126.         .139E-06     .150E-04
  126.         .143E-06     .155E-04
  126.         .147E-06     .159E-04
  126.         .149E-06     .162E-04
  126.         .150E-06     .164E-04
  127.         .149E-06     .163E-04
  127.         .147E-06     .162E-04
  127.         .144E-06     .159E-04
  127.         .140E-06     .155E-04
  127.         .135E-06     .149E-04
  127.         .129E-06     .143E-04
  128.         .122E-06     .136E-04
  128.         .115E-06     .128E-04
  128.         .107E-06     .119E-04
  128.         .989E-07     .111E-04
  128.         .910E-07     .102E-04
  128.         .834E-07     .939E-05
  128.         .762E-07     .861E-05
  129.         .698E-07     .790E-05
  129.         .641E-07     .728E-05
  129.         .595E-07     .678E-05
  129.         .561E-07     .641E-05
  129.         .541E-07     .618E-05
  129.         .534E-07     .612E-05
  129.         .542E-07     .623E-05
  130.         .565E-07     .651E-05
  130.         .604E-07     .698E-05
  130.         .659E-07     .763E-05
  130.         .728E-07     .845E-05
  130.         .811E-07     .944E-05
  130.         .908E-07     .106E-04
  130.         .102E-06     .119E-04
  131.         .113E-06     .133E-04
  131.         .126E-06     .148E-04
  131.         .140E-06     .164E-04
  131.         .154E-06     .181E-04
  131.         .168E-06     .198E-04
  131.         .182E-06     .216E-04
  132.         .196E-06     .233E-04
  132.         .210E-06     .250E-04
  132.         .223E-06     .266E-04
  132.         .235E-06     .281E-04
  132.         .246E-06     .296E-04
  132.         .257E-06     .309E-04
  132.         .266E-06     .320E-04
  133.         .273E-06     .330E-04
  133.         .279E-06     .338E-04
  133.         .284E-06     .344E-04
  133.         .286E-06     .349E-04
  133.         .288E-06     .351E-04
  133.         .287E-06     .351E-04
  134.         .285E-06     .349E-04
  134.         .281E-06     .345E-04
  134.         .276E-06     .339E-04
  134.         .269E-06     .331E-04
  134.         .261E-06     .322E-04
  134.         .251E-06     .311E-04
  134.         .241E-06     .299E-04
  135.         .229E-06     .285E-04
  135.         .217E-06     .270E-04
  135.         .204E-06     .255E-04
  135.         .191E-06     .239E-04
  135.         .177E-06     .222E-04
  135.         .163E-06     .205E-04
  135.         .149E-06     .188E-04
  136.         .136E-06     .172E-04
  136.         .123E-06     .155E-04
  136.         .110E-06     .140E-04
  136.         .979E-07     .125E-04
  136.         .866E-07     .110E-04
  136.         .760E-07     .970E-05
  136.         .663E-07     .849E-05
  137.         .576E-07     .739E-05
  137.         .499E-07     .641E-05
  137.         .433E-07     .557E-05
  137.         .376E-07     .485E-05
  137.         .330E-07     .427E-05
  137.         .295E-07     .382E-05
  138.         .269E-07     .350E-05
  138.         .253E-07     .329E-05
  138.         .246E-07     .321E-05
  138.         .247E-07     .323E-05
  138.         .256E-07     .335E-05
  138.         .272E-07     .356E-05
  138.         .293E-07     .385E-05
  139.         .320E-07     .421E-05
  139.         .350E-07     .462E-05
  139.         .384E-07     .508E-05
  139.         .420E-07     .556E-05
  139.         .457E-07     .606E-05
  139.         .494E-07     .657E-05
  140.         .532E-07     .708E-05
  140.         .567E-07     .757E-05
  140.         .601E-07     .804E-05
  140.         .633E-07     .847E-05
  140.         .661E-07     .887E-05
  140.         .685E-07     .921E-05
  140.         .706E-07     .951E-05
  141.         .722E-07     .974E-05
  141.         .733E-07     .991E-05
  141.         .740E-07     .100E-04
  141.         .742E-07     .101E-04
  141.         .739E-07     .100E-04
  141.         .731E-07     .996E-05
  141.         .719E-07     .982E-05
  142.         .703E-07     .961E-05
  142.         .683E-07     .935E-05
  142.         .658E-07     .904E-05
  142.         .631E-07     .868E-05
  142.         .601E-07     .828E-05
  142.         .568E-07     .784E-05
  142.         .534E-07     .738E-05
  143.         .498E-07     .689E-05
  143.         .460E-07     .639E-05
  143.         .423E-07     .587E-05
  143.         .385E-07     .536E-05
  143.         .348E-07     .485E-05
  143.         .311E-07     .434E-05
  144.         .275E-07     .385E-05
  144.         .241E-07     .338E-05
  144.         .209E-07     .294E-05
  144.         .179E-07     .252E-05
  144.         .152E-07     .214E-05
  144.         .127E-07     .179E-05
  144.         .105E-07     .148E-05
  145.         .858E-08     .121E-05
  145.         .696E-08     .988E-06
  145.         .566E-08     .804E-06
  145.         .466E-08     .663E-06
  145.         .396E-08     .565E-06
  145.         .356E-08     .508E-06
  146.         .344E-08     .492E-06
  146.         .360E-08     .515E-06
  146.         .401E-08     .575E-06
  146.         .466E-08     .669E-06
  146.         .552E-08     .795E-06
  146.         .658E-08     .948E-06
  146.         .781E-08     .113E-05
  147.         .918E-08     .133E-05
  147.         .107E-07     .155E-05
  147.         .123E-07     .178E-05
  147.         .139E-07     .202E-05
  147.         .156E-07     .227E-05
  147.         .174E-07     .253E-05
  147.         .191E-07     .278E-05
  148.         .208E-07     .304E-05
  148.         .224E-07     .328E-05
  148.         .240E-07     .352E-05
  148.         .255E-07     .374E-05
  148.         .269E-07     .396E-05
  148.         .282E-07     .415E-05
  148.         .293E-07     .433E-05
  149.         .304E-07     .449E-05
  149.         .313E-07     .462E-05
  149.         .320E-07     .474E-05
  149.         .326E-07     .483E-05
  149.         .330E-07     .490E-05
  149.         .333E-07     .495E-05
  150.         .334E-07     .498E-05
  150.         .334E-07     .498E-05
  150.         .332E-07     .496E-05
  150.         .329E-07     .492E-05
