0.0125	6.91E+001	1
0.0375	6.90E+001	1
0.0625	6.89E+001	1
0.0875	6.88E+001	1
0.1125	6.87E+001	1
0.1375	6.85E+001	1
0.1625	6.82E+001	1
0.1875	6.79E+001	1
0.2125	6.76E+001	1
0.2375	6.73E+001	1
0.2625	6.69E+001	1
0.2875	6.65E+001	1
0.3125	6.60E+001	1
0.3375	6.55E+001	1
0.3625	6.49E+001	1
0.3875	6.44E+001	1
0.4125	6.38E+001	1
0.4375	6.31E+001	1
0.4625	6.25E+001	1
0.4875	6.18E+001	1
0.5125	6.10E+001	1
0.5375	6.03E+001	1
0.5625	5.95E+001	1
0.5875	5.87E+001	1
0.6125	5.78E+001	1
0.6375	5.70E+001	1
0.6625	5.61E+001	1
0.6875	5.51E+001	1
0.7125	5.42E+001	1
0.7375	5.32E+001	1
0.7625	5.23E+001	1
0.7875	5.13E+001	1
0.8125	5.03E+001	1
0.8375	4.92E+001	1
0.8625	4.82E+001	1
0.8875	4.71E+001	1
0.9125	4.61E+001	1
0.9375	4.50E+001	1
0.9625	4.39E+001	1
0.9875	4.28E+001	1
1.0125	4.17E+001	1
1.0375	4.06E+001	1
1.0625	3.95E+001	1
1.0875	3.84E+001	1
1.1125	3.73E+001	1
1.1375	3.62E+001	1
1.1625	3.51E+001	1
1.1875	3.39E+001	1
1.2125	3.28E+001	1
1.2375	3.17E+001	1
1.2625	3.06E+001	1
1.2875	2.96E+001	1
1.3125	2.85E+001	1
1.3375	2.74E+001	1
1.3625	2.64E+001	1
1.3875	2.53E+001	1
1.4125	2.43E+001	1
1.4375	2.33E+001	1
1.4625	2.22E+001	1
1.4875	2.13E+001	1
1.5125	2.03E+001	1
1.5375	1.93E+001	1
1.5625	1.84E+001	1
1.5875	1.75E+001	1
1.6125	1.66E+001	1
1.6375	1.57E+001	1
1.6625	1.48E+001	1
1.6875	1.40E+001	1
1.7125	1.32E+001	1
1.7375	1.24E+001	1
1.7625	1.16E+001	1
1.7875	1.09E+001	1
1.8125	1.02E+001	1
1.8375	9.47E+000	1
1.8625	8.80E+000	1
1.8875	8.15E+000	1
1.9125	7.53E+000	1
1.9375	6.94E+000	1
1.9625	6.37E+000	1
1.9875	5.82E+000	1
2.0125	5.31E+000	1
2.0375	4.82E+000	1
2.0625	4.35E+000	1
2.0875	3.91E+000	1
2.1125	3.50E+000	1
2.1375	3.11E+000	1
2.1625	2.75E+000	1
2.1875	2.41E+000	1
2.2125	2.10E+000	1
2.2375	1.81E+000	1
2.2625	1.55E+000	1
2.2875	1.31E+000	1
2.3125	1.09E+000	1
2.3375	8.96E-001	1
2.3625	7.26E-001	1
2.3875	5.77E-001	1
2.4125	4.51E-001	1
2.4375	3.45E-001	1
2.4625	2.60E-001	1
2.4875	1.95E-001	1
2.5125	1.50E-001	1
2.5375	1.23E-001	1
2.5625	1.15E-001	1
2.5875	1.24E-001	1
2.6125	1.50E-001	1
2.6375	1.92E-001	1
2.6625	2.49E-001	1
2.6875	3.21E-001	1
2.7125	4.07E-001	1
2.7375	5.07E-001	1
2.7625	6.19E-001	1
2.7875	7.42E-001	1
2.8125	8.77E-001	1
2.8375	1.02E+000	1
2.8625	1.18E+000	1
2.8875	1.34E+000	1
2.9125	1.51E+000	1
2.9375	1.69E+000	1
2.9625	1.88E+000	1
2.9875	2.07E+000	1
3.0125	2.27E+000	1
3.0375	2.47E+000	1
3.0625	2.67E+000	1
3.0875	2.88E+000	1
3.1125	3.09E+000	1
3.1375	3.30E+000	1
3.1625	3.51E+000	1
3.1875	3.73E+000	1
3.2125	3.94E+000	1
3.2375	4.15E+000	1
3.2625	4.36E+000	1
3.2875	4.57E+000	1
3.3125	4.78E+000	1
3.3375	4.98E+000	1
3.3625	5.18E+000	1
3.3875	5.37E+000	1
3.4125	5.56E+000	1
3.4375	5.75E+000	1
3.4625	5.93E+000	1
3.4875	6.10E+000	1
3.5125	6.27E+000	1
3.5375	6.43E+000	1
3.5625	6.59E+000	1
3.5875	6.74E+000	1
3.6125	6.88E+000	1
3.6375	7.01E+000	1
3.6625	7.13E+000	1
3.6875	7.25E+000	1
3.7125	7.36E+000	1
3.7375	7.45E+000	1
3.7625	7.54E+000	1
3.7875	7.63E+000	1
3.8125	7.70E+000	1
3.8375	7.76E+000	1
3.8625	7.82E+000	1
3.8875	7.86E+000	1
3.9125	7.90E+000	1
3.9375	7.93E+000	1
3.9625	7.94E+000	1
3.9875	7.95E+000	1
4.0125	7.95E+000	1
4.0375	7.95E+000	1
4.0625	7.93E+000	1
4.0875	7.90E+000	1
4.1125	7.87E+000	1
4.1375	7.83E+000	1
4.1625	7.78E+000	1
4.1875	7.72E+000	1
4.2125	7.66E+000	1
4.2375	7.58E+000	1
4.2625	7.50E+000	1
4.2875	7.42E+000	1
4.3125	7.32E+000	1
4.3375	7.22E+000	1
4.3625	7.12E+000	1
4.3875	7.01E+000	1
4.4125	6.89E+000	1
4.4375	6.77E+000	1
4.4625	6.64E+000	1
4.4875	6.51E+000	1
4.5125	6.37E+000	1
4.5375	6.23E+000	1
4.5625	6.09E+000	1
4.5875	5.94E+000	1
4.6125	5.79E+000	1
4.6375	5.64E+000	1
4.6625	5.48E+000	1
4.6875	5.33E+000	1
4.7125	5.17E+000	1
4.7375	5.01E+000	1
4.7625	4.85E+000	1
4.7875	4.69E+000	1
4.8125	4.52E+000	1
4.8375	4.36E+000	1
4.8625	4.20E+000	1
4.8875	4.04E+000	1
4.9125	3.88E+000	1
4.9375	3.72E+000	1
4.9625	3.56E+000	1
4.9875	3.40E+000	1
5.0125	3.25E+000	1
5.0375	3.10E+000	1
5.0625	2.94E+000	1
5.0875	2.80E+000	1
5.1125	2.65E+000	1
5.1375	2.51E+000	1
5.1625	2.37E+000	1
5.1875	2.23E+000	1
5.2125	2.10E+000	1
5.2375	1.97E+000	1
5.2625	1.85E+000	1
5.2875	1.73E+000	1
5.3125	1.61E+000	1
5.3375	1.50E+000	1
5.3625	1.39E+000	1
5.3875	1.29E+000	1
5.4125	1.19E+000	1
5.4375	1.10E+000	1
5.4625	1.01E+000	1
5.4875	9.26E-001	1
5.5125	8.46E-001	1
5.5375	7.72E-001	1
5.5625	7.02E-001	1
5.5875	6.37E-001	1
5.6125	5.77E-001	1
5.6375	5.22E-001	1
5.6625	4.72E-001	1
5.6875	4.27E-001	1
5.7125	3.86E-001	1
5.7375	3.50E-001	1
5.7625	3.19E-001	1
5.7875	2.93E-001	1
5.8125	2.71E-001	1
5.8375	2.53E-001	1
5.8625	2.40E-001	1
5.8875	2.31E-001	1
5.9125	2.26E-001	1
5.9375	2.26E-001	1
5.9625	2.29E-001	1
5.9875	2.36E-001	1
6.0125	2.47E-001	1
6.0375	2.61E-001	1
6.0625	2.78E-001	1
6.0875	2.99E-001	1
6.1125	3.23E-001	1
6.1375	3.50E-001	1
6.1625	3.80E-001	1
6.1875	4.13E-001	1
6.2125	4.48E-001	1
6.2375	4.85E-001	1
6.2625	5.24E-001	1
6.2875	5.66E-001	1
6.3125	6.09E-001	1
6.3375	6.54E-001	1
6.3625	7.01E-001	1
6.3875	7.49E-001	1

