0.0125	9.53E+000	1
0.0375	9.53E+000	1
0.0625	9.52E+000	1
0.0875	9.51E+000	1
0.1125	9.49E+000	1
0.1375	9.47E+000	1
0.1625	9.45E+000	1
0.1875	9.42E+000	1
0.2125	9.39E+000	1
0.2375	9.35E+000	1
0.2625	9.31E+000	1
0.2875	9.27E+000	1
0.3125	9.22E+000	1
0.3375	9.17E+000	1
0.3625	9.12E+000	1
0.3875	9.06E+000	1
0.4125	9.01E+000	1
0.4375	8.94E+000	1
0.4625	8.88E+000	1
0.4875	8.81E+000	1
0.5125	8.74E+000	1
0.5375	8.67E+000	1
0.5625	8.60E+000	1
0.5875	8.52E+000	1
0.6125	8.45E+000	1
0.6375	8.37E+000	1
0.6625	8.29E+000	1
0.6875	8.21E+000	1
0.7125	8.13E+000	1
0.7375	8.05E+000	1
0.7625	7.97E+000	1
0.7875	7.89E+000	1
0.8125	7.80E+000	1
0.8375	7.72E+000	1
0.8625	7.64E+000	1
0.8875	7.56E+000	1
0.9125	7.48E+000	1
0.9375	7.40E+000	1
0.9625	7.32E+000	1
0.9875	7.25E+000	1
1.0125	7.17E+000	1
1.0375	7.10E+000	1
1.0625	7.03E+000	1
1.0875	6.96E+000	1
1.1125	6.89E+000	1
1.1375	6.83E+000	1
1.1625	6.77E+000	1
1.1875	6.71E+000	1
1.2125	6.66E+000	1
1.2375	6.60E+000	1
1.2625	6.56E+000	1
1.2875	6.51E+000	1
1.3125	6.47E+000	1
1.3375	6.43E+000	1
1.3625	6.40E+000	1
1.3875	6.37E+000	1
1.4125	6.34E+000	1
1.4375	6.32E+000	1
1.4625	6.30E+000	1
1.4875	6.28E+000	1
1.5125	6.27E+000	1
1.5375	6.27E+000	1
1.5625	6.27E+000	1
1.5875	6.27E+000	1
1.6125	6.28E+000	1
1.6375	6.29E+000	1
1.6625	6.30E+000	1
1.6875	6.32E+000	1
1.7125	6.35E+000	1
1.7375	6.38E+000	1
1.7625	6.41E+000	1
1.7875	6.44E+000	1
1.8125	6.48E+000	1
1.8375	6.53E+000	1
1.8625	6.58E+000	1
1.8875	6.63E+000	1
1.9125	6.68E+000	1
1.9375	6.74E+000	1
1.9625	6.81E+000	1
1.9875	6.87E+000	1
2.0125	6.94E+000	1
2.0375	7.01E+000	1
2.0625	7.09E+000	1
2.0875	7.16E+000	1
2.1125	7.24E+000	1
2.1375	7.32E+000	1
2.1625	7.41E+000	1
2.1875	7.49E+000	1
2.2125	7.58E+000	1
2.2375	7.67E+000	1
2.2625	7.76E+000	1
2.2875	7.85E+000	1
2.3125	7.94E+000	1
2.3375	8.04E+000	1
2.3625	8.13E+000	1
2.3875	8.23E+000	1
2.4125	8.32E+000	1
2.4375	8.41E+000	1
2.4625	8.51E+000	1
2.4875	8.60E+000	1
2.5125	8.69E+000	1
2.5375	8.78E+000	1
2.5625	8.87E+000	1
2.5875	8.96E+000	1
2.6125	9.04E+000	1
2.6375	9.13E+000	1
2.6625	9.21E+000	1
2.6875	9.29E+000	1
2.7125	9.37E+000	1
2.7375	9.44E+000	1
2.7625	9.51E+000	1
2.7875	9.58E+000	1
2.8125	9.65E+000	1
2.8375	9.71E+000	1
2.8625	9.77E+000	1
2.8875	9.82E+000	1
2.9125	9.87E+000	1
2.9375	9.92E+000	1
2.9625	9.96E+000	1
2.9875	1.00E+001	1
3.0125	1.00E+001	1
3.0375	1.01E+001	1
3.0625	1.01E+001	1
3.0875	1.01E+001	1
3.1125	1.01E+001	1
3.1375	1.01E+001	1
3.1625	1.01E+001	1
3.1875	1.01E+001	1
3.2125	1.01E+001	1
3.2375	1.01E+001	1
3.2625	1.01E+001	1
3.2875	1.01E+001	1
3.3125	1.01E+001	1
3.3375	1.00E+001	1
3.3625	9.98E+000	1
3.3875	9.94E+000	1
3.4125	9.89E+000	1
3.4375	9.84E+000	1
3.4625	9.78E+000	1
3.4875	9.72E+000	1
3.5125	9.65E+000	1
3.5375	9.58E+000	1
3.5625	9.50E+000	1
3.5875	9.41E+000	1
3.6125	9.33E+000	1
3.6375	9.23E+000	1
3.6625	9.14E+000	1
3.6875	9.04E+000	1
3.7125	8.93E+000	1
3.7375	8.82E+000	1
3.7625	8.71E+000	1
3.7875	8.59E+000	1
3.8125	8.47E+000	1
3.8375	8.34E+000	1
3.8625	8.21E+000	1
3.8875	8.08E+000	1
3.9125	7.95E+000	1
3.9375	7.81E+000	1
3.9625	7.67E+000	1
3.9875	7.53E+000	1
4.0125	7.38E+000	1
4.0375	7.23E+000	1
4.0625	7.08E+000	1
4.0875	6.93E+000	1
4.1125	6.78E+000	1
4.1375	6.63E+000	1
4.1625	6.47E+000	1
4.1875	6.31E+000	1
4.2125	6.16E+000	1
4.2375	6.00E+000	1
4.2625	5.84E+000	1
4.2875	5.68E+000	1
4.3125	5.52E+000	1
4.3375	5.36E+000	1
4.3625	5.21E+000	1
4.3875	5.05E+000	1
4.4125	4.89E+000	1
4.4375	4.74E+000	1
4.4625	4.58E+000	1
4.4875	4.43E+000	1
4.5125	4.28E+000	1
4.5375	4.13E+000	1
4.5625	3.98E+000	1
4.5875	3.83E+000	1
4.6125	3.69E+000	1
4.6375	3.54E+000	1
4.6625	3.40E+000	1
4.6875	3.27E+000	1
4.7125	3.13E+000	1
4.7375	3.00E+000	1
4.7625	2.87E+000	1
4.7875	2.75E+000	1
4.8125	2.62E+000	1
4.8375	2.50E+000	1
4.8625	2.39E+000	1
4.8875	2.27E+000	1
4.9125	2.17E+000	1
4.9375	2.06E+000	1
4.9625	1.96E+000	1
4.9875	1.86E+000	1
5.0125	1.77E+000	1
5.0375	1.68E+000	1
5.0625	1.59E+000	1
5.0875	1.51E+000	1
5.1125	1.43E+000	1
5.1375	1.35E+000	1
5.1625	1.28E+000	1
5.1875	1.22E+000	1
5.2125	1.15E+000	1
5.2375	1.10E+000	1
5.2625	1.04E+000	1
5.2875	9.91E-001	1
5.3125	9.44E-001	1
5.3375	9.02E-001	1
5.3625	8.63E-001	1
5.3875	8.28E-001	1
5.4125	7.97E-001	1
5.4375	7.70E-001	1
5.4625	7.46E-001	1
5.4875	7.26E-001	1
5.5125	7.09E-001	1
5.5375	6.96E-001	1
5.5625	6.86E-001	1
5.5875	6.80E-001	1
5.6125	6.77E-001	1
5.6375	6.76E-001	1
5.6625	6.79E-001	1
5.6875	6.85E-001	1
5.7125	6.94E-001	1
5.7375	7.05E-001	1
5.7625	7.19E-001	1
5.7875	7.36E-001	1
5.8125	7.55E-001	1
5.8375	7.76E-001	1
5.8625	7.99E-001	1
5.8875	8.24E-001	1
5.9125	8.52E-001	1
5.9375	8.81E-001	1
5.9625	9.11E-001	1
5.9875	9.44E-001	1
6.0125	9.77E-001	1
6.0375	1.01E+000	1
6.0625	1.05E+000	1
6.0875	1.09E+000	1
6.1125	1.12E+000	1
6.1375	1.16E+000	1
6.1625	1.20E+000	1
6.1875	1.24E+000	1
6.2125	1.28E+000	1
6.2375	1.33E+000	1
6.2625	1.37E+000	1
6.2875	1.41E+000	1
6.3125	1.45E+000	1
6.3375	1.49E+000	1
6.3625	1.53E+000	1
6.3875	1.57E+000	1

