  6.00         268.         .694E-01
  6.15         242.         .116    
  6.30         220.         .193    
  6.45         200.         .291    
  6.60         183.         .395    
  6.75         167.         .494    
  6.90         153.         .575    
  7.05         140.         .631    
  7.20         129.         .657    
  7.35         119.         .651    
  7.50         110.         .616    
  7.65         101.         .559    
  7.80         93.8         .487    
  7.95         86.9         .409    
  8.10         80.7         .334    
  8.25         75.0         .270    
  8.40         69.8         .222    
  8.55         65.0         .195    
  8.70         60.7         .188    
  8.85         56.7         .201    
  9.00         53.0         .230    
  9.15         49.6         .270    
  9.30         46.5         .315    
  9.45         43.6         .359    
  9.60         41.0         .398    
  9.75         38.5         .427    
  9.90         36.2         .444    
  10.0         34.1         .447    
  10.2         32.2         .438    
  10.3         30.3         .417    
  10.5         28.6         .388    
  10.7         27.1         .354    
  10.8         25.6         .319    
  10.9         24.2         .285    
  11.1         22.9         .255    
  11.2         21.8         .232    
  11.4         20.6         .216    
  11.5         19.6         .208    
  11.7         18.6         .207    
  11.8         17.7         .212    
  12.0         16.8         .220    
  12.2         16.0         .231    
  12.3         15.2         .242    
  12.4         14.5         .251    
  12.6         13.8         .258    
  12.8         13.2         .261    
  12.9         12.6         .260    
  13.0         12.0         .255    
  13.2         11.5         .246    
  13.3         11.0         .235    
  13.5         10.5         .221    
  13.7         10.1         .207    
  13.8         9.64         .193    
  13.9         9.23         .180    
  14.1         8.85         .168    
  14.2         8.48         .158    
  14.4         8.14         .151    
  14.5         7.81         .145    
  14.7         7.50         .142    
  14.8         7.20         .140    
  15.0         6.92         .139    
  15.1         6.65         .139    
  15.3         6.39         .138    
  15.4         6.15         .138    
  15.6         5.92         .136    
  15.8         5.70         .134    
  15.9         5.49         .131    
  16.1         5.29         .127    
  16.2         5.09         .122    
  16.3         4.91         .117    
  16.5         4.74         .111    
  16.6         4.57         .105    
  16.8         4.41         .988E-01
  16.9         4.26         .929E-01
  17.1         4.11         .875E-01
  17.2         3.97         .826E-01
  17.4         3.84         .783E-01
  17.6         3.71         .745E-01
  17.7         3.58         .713E-01
  17.8         3.47         .686E-01
  18.0         3.35         .663E-01
  18.1         3.24         .643E-01
  18.3         3.14         .624E-01
  18.4         3.04         .606E-01
  18.6         2.94         .587E-01
  18.8         2.85         .569E-01
  18.9         2.76         .549E-01
  19.1         2.68         .528E-01
  19.2         2.60         .506E-01
  19.3         2.52         .483E-01
  19.5         2.44         .459E-01
  19.6         2.37         .436E-01
  19.8         2.30         .413E-01
  19.9         2.23         .391E-01
  20.1         2.17         .369E-01
  20.2         2.10         .349E-01
  20.4         2.04         .330E-01
  20.6         1.98         .313E-01
  20.7         1.93         .297E-01
  20.8         1.87         .283E-01
  21.0         1.82         .270E-01
  21.1         1.77         .257E-01
  21.3         1.72         .246E-01
  21.4         1.67         .235E-01
  21.6         1.63         .225E-01
  21.8         1.58         .215E-01
  21.9         1.54         .205E-01
  22.1         1.50         .196E-01
  22.2         1.46         .186E-01
  22.3         1.42         .176E-01
  22.5         1.39         .167E-01
  22.6         1.35         .157E-01
  22.8         1.32         .148E-01
  22.9         1.28         .139E-01
  23.1         1.25         .131E-01
  23.2         1.22         .123E-01
  23.4         1.19         .115E-01
  23.6         1.16         .108E-01
  23.7         1.13         .101E-01
  23.8         1.10         .946E-02
  24.0         1.07         .888E-02
  24.1         1.05         .834E-02
  24.3         1.02         .783E-02
  24.4         .999         .737E-02
  24.6         .975         .693E-02
  24.8         .952         .652E-02
  24.9         .929         .614E-02
  25.1         .908         .578E-02
  25.2         .887         .545E-02
  25.3         .866         .513E-02
  25.5         .846         .484E-02
  25.6         .827         .456E-02
  25.8         .808         .429E-02
  25.9         .790         .404E-02
  26.1         .772         .380E-02
  26.2         .755         .358E-02
  26.4         .738         .336E-02
  26.6         .722         .316E-02
  26.7         .706         .297E-02
  26.8         .691         .280E-02
  27.0         .676         .263E-02
  27.1         .662         .248E-02
  27.3         .647         .233E-02
  27.4         .634         .220E-02
  27.6         .620         .208E-02
  27.8         .607         .196E-02
  27.9         .594         .185E-02
  28.1         .582         .174E-02
  28.2         .570         .164E-02
  28.3         .558         .154E-02
  28.5         .547         .145E-02
  28.6         .536         .135E-02
  28.8         .525         .127E-02
  28.9         .514         .118E-02
  29.1         .504         .110E-02
  29.2         .494         .102E-02
  29.4         .484         .949E-03
  29.5         .475         .881E-03
  29.7         .465         .816E-03
  29.8         .456         .755E-03
  30.0         .447         .697E-03
  30.1         .439         .642E-03
  30.3         .430         .591E-03
  30.4         .422         .542E-03
  30.6         .414         .496E-03
  30.8         .406         .454E-03
  30.9         .399         .415E-03
  31.0         .391         .379E-03
  31.2         .384         .346E-03
  31.3         .377         .317E-03
  31.5         .370         .290E-03
  31.6         .363         .267E-03
  31.8         .356         .245E-03
  31.9         .350         .226E-03
  32.1         .344         .208E-03
  32.2         .337         .192E-03
  32.4         .331         .177E-03
  32.5         .325         .163E-03
  32.7         .320         .151E-03
  32.9         .314         .139E-03
  33.0         .309         .129E-03
  33.1         .303         .121E-03
  33.3         .298         .113E-03
  33.4         .293         .107E-03
  33.6         .288         .101E-03
  33.8         .283         .968E-04
  33.9         .278         .927E-04
  34.0         .273         .889E-04
  34.2         .269         .853E-04
  34.4         .264         .818E-04
  34.5         .260         .784E-04
  34.6         .255         .749E-04
  34.8         .251         .715E-04
  34.9         .247         .683E-04
  35.1         .243         .652E-04
  35.2         .239         .623E-04
  35.4         .235         .595E-04
  35.5         .231         .569E-04
  35.7         .227         .544E-04
  35.9         .224         .519E-04
  36.0         .220         .493E-04
  36.1         .217         .465E-04
  36.3         .213         .435E-04
  36.4         .210         .404E-04
  36.6         .207         .371E-04
  36.8         .203         .337E-04
  36.9         .200         .303E-04
  37.0         .197         .269E-04
  37.2         .194         .238E-04
  37.4         .191         .208E-04
  37.5         .188         .182E-04
  37.6         .185         .158E-04
  37.8         .182         .137E-04
  37.9         .180         .118E-04
  38.1         .177         .101E-04
  38.2         .174         .854E-05
  38.4         .172         .714E-05
  38.5         .169         .587E-05
  38.7         .167         .472E-05
  38.9         .164         .368E-05
  39.0         .162         .277E-05
  39.1         .159         .200E-05
  39.3         .157         .137E-05
  39.4         .155         .900E-06
  39.6         .152         .578E-06
  39.8         .150         .396E-06
  39.9         .148         .333E-06
  40.0         .146         .368E-06
  40.2         .144         .474E-06
  40.4         .142         .627E-06
  40.5         .140         .810E-06
  40.6         .138         .101E-05
  40.8         .136         .123E-05
  40.9         .134         .146E-05
  41.1         .132         .171E-05
  41.2         .130         .199E-05
  41.4         .129         .229E-05
  41.5         .127         .260E-05
  41.7         .125         .292E-05
  41.9         .123         .322E-05
  42.0         .122         .348E-05
  42.1         .120         .370E-05
  42.3         .118         .385E-05
  42.4         .117         .393E-05
  42.6         .115         .394E-05
  42.8         .114         .391E-05
  42.9         .112         .383E-05
  43.0         .111         .373E-05
  43.2         .109         .362E-05
  43.4         .108         .352E-05
  43.5         .106         .343E-05
  43.6         .105         .337E-05
  43.8         .104         .333E-05
  43.9         .102         .331E-05
  44.1         .101         .331E-05
  44.2         .998E-01     .330E-05
  44.4         .985E-01     .328E-05
  44.5         .973E-01     .323E-05
  44.7         .960E-01     .314E-05
  44.9         .948E-01     .300E-05
  45.0         .936E-01     .281E-05
  45.1         .924E-01     .259E-05
  45.3         .913E-01     .234E-05
  45.4         .902E-01     .208E-05
  45.6         .890E-01     .183E-05
  45.8         .879E-01     .160E-05
  45.9         .869E-01     .141E-05
  46.0         .858E-01     .125E-05
  46.2         .847E-01     .114E-05
  46.4         .837E-01     .107E-05
  46.5         .827E-01     .103E-05
  46.6         .817E-01     .102E-05
  46.8         .807E-01     .105E-05
  46.9         .797E-01     .109E-05
  47.1         .788E-01     .115E-05
  47.2         .778E-01     .121E-05
  47.4         .769E-01     .126E-05
  47.5         .760E-01     .131E-05
  47.7         .751E-01     .134E-05
  47.9         .742E-01     .135E-05
  48.0         .734E-01     .134E-05
  48.1         .725E-01     .132E-05
  48.3         .717E-01     .129E-05
  48.4         .708E-01     .125E-05
  48.6         .700E-01     .122E-05
  48.8         .692E-01     .121E-05
  48.9         .684E-01     .120E-05
  49.0         .676E-01     .122E-05
  49.2         .669E-01     .124E-05
  49.4         .661E-01     .128E-05
  49.5         .654E-01     .134E-05
  49.6         .646E-01     .141E-05
  49.8         .639E-01     .150E-05
  49.9         .632E-01     .160E-05
  50.1         .625E-01     .170E-05
  50.2         .618E-01     .179E-05
  50.4         .611E-01     .188E-05
  50.5         .604E-01     .194E-05
  50.7         .598E-01     .197E-05
  50.9         .591E-01     .197E-05
  51.0         .584E-01     .195E-05
  51.1         .578E-01     .190E-05
  51.3         .572E-01     .184E-05
  51.4         .566E-01     .177E-05
  51.6         .560E-01     .171E-05
  51.8         .554E-01     .166E-05
  51.9         .548E-01     .162E-05
  52.0         .542E-01     .159E-05
  52.2         .536E-01     .159E-05
  52.4         .530E-01     .160E-05
  52.5         .525E-01     .163E-05
  52.6         .519E-01     .168E-05
  52.8         .514E-01     .174E-05
  52.9         .508E-01     .181E-05
  53.1         .503E-01     .189E-05
  53.2         .498E-01     .195E-05
  53.4         .493E-01     .200E-05
  53.5         .488E-01     .203E-05
  53.7         .482E-01     .203E-05
  53.9         .478E-01     .200E-05
  54.0         .473E-01     .195E-05
  54.1         .468E-01     .188E-05
  54.3         .463E-01     .181E-05
  54.4         .458E-01     .174E-05
  54.6         .454E-01     .168E-05
  54.8         .449E-01     .163E-05
  54.9         .445E-01     .160E-05
  55.0         .440E-01     .158E-05
  55.2         .436E-01     .158E-05
  55.4         .431E-01     .160E-05
  55.5         .427E-01     .163E-05
  55.6         .423E-01     .168E-05
  55.8         .419E-01     .173E-05
  55.9         .415E-01     .180E-05
  56.1         .411E-01     .187E-05
  56.2         .407E-01     .193E-05
  56.4         .403E-01     .198E-05
  56.5         .399E-01     .200E-05
  56.7         .395E-01     .201E-05
  56.9         .391E-01     .199E-05
  57.0         .387E-01     .195E-05
  57.1         .384E-01     .189E-05
  57.3         .380E-01     .183E-05
  57.4         .376E-01     .177E-05
  57.6         .373E-01     .172E-05
  57.8         .369E-01     .168E-05
  57.9         .366E-01     .165E-05
  58.0         .362E-01     .164E-05
  58.2         .359E-01     .163E-05
  58.3         .356E-01     .164E-05
  58.5         .352E-01     .166E-05
  58.6         .349E-01     .169E-05
  58.8         .346E-01     .174E-05
  58.9         .343E-01     .178E-05
  59.1         .339E-01     .184E-05
  59.2         .336E-01     .188E-05
  59.4         .333E-01     .192E-05
  59.5         .330E-01     .194E-05
  59.7         .327E-01     .195E-05
  59.8         .324E-01     .193E-05
  60.0         .321E-01     .189E-05
  60.1         .318E-01     .184E-05
  60.3         .315E-01     .179E-05
  60.4         .313E-01     .173E-05
  60.6         .310E-01     .168E-05
  60.8         .307E-01     .164E-05
  60.9         .304E-01     .161E-05
  61.0         .302E-01     .159E-05
  61.2         .299E-01     .158E-05
  61.3         .296E-01     .158E-05
  61.5         .294E-01     .159E-05
  61.6         .291E-01     .160E-05
  61.8         .289E-01     .163E-05
  61.9         .286E-01     .166E-05
  62.1         .284E-01     .169E-05
  62.2         .281E-01     .173E-05
  62.4         .279E-01     .176E-05
  62.5         .276E-01     .178E-05
  62.7         .274E-01     .180E-05
  62.8         .272E-01     .179E-05
  63.0         .269E-01     .177E-05
  63.1         .267E-01     .174E-05
  63.3         .265E-01     .170E-05
  63.4         .263E-01     .166E-05
  63.6         .260E-01     .162E-05
  63.8         .258E-01     .159E-05
  63.9         .256E-01     .157E-05
  64.0         .254E-01     .156E-05
  64.2         .252E-01     .156E-05
  64.3         .250E-01     .155E-05
  64.5         .248E-01     .156E-05
  64.6         .246E-01     .156E-05
  64.8         .244E-01     .157E-05
  65.0         .242E-01     .159E-05
  65.1         .240E-01     .161E-05
  65.2         .238E-01     .164E-05
  65.4         .236E-01     .167E-05
  65.5         .234E-01     .170E-05
  65.7         .232E-01     .172E-05
  65.8         .230E-01     .173E-05
  66.0         .228E-01     .174E-05
  66.1         .226E-01     .172E-05
  66.3         .225E-01     .171E-05
  66.5         .223E-01     .168E-05
  66.6         .221E-01     .166E-05
  66.8         .219E-01     .164E-05
  66.9         .217E-01     .163E-05
  67.0         .216E-01     .162E-05
  67.2         .214E-01     .162E-05
  67.3         .212E-01     .162E-05
  67.5         .211E-01     .162E-05
  67.6         .209E-01     .163E-05
  67.8         .207E-01     .163E-05
  68.0         .206E-01     .164E-05
  68.1         .204E-01     .165E-05
  68.2         .203E-01     .167E-05
  68.4         .201E-01     .169E-05
  68.5         .200E-01     .172E-05
  68.7         .198E-01     .175E-05
  68.8         .197E-01     .177E-05
  69.0         .195E-01     .179E-05
  69.1         .194E-01     .179E-05
  69.3         .192E-01     .179E-05
  69.5         .191E-01     .178E-05
  69.6         .189E-01     .177E-05
  69.8         .188E-01     .175E-05
  69.9         .186E-01     .174E-05
  70.0         .185E-01     .173E-05
  70.2         .184E-01     .173E-05
  70.3         .182E-01     .173E-05
  70.5         .181E-01     .174E-05
  70.6         .180E-01     .174E-05
  70.8         .178E-01     .175E-05
  71.0         .177E-01     .175E-05
  71.1         .176E-01     .175E-05
  71.2         .174E-01     .176E-05
  71.4         .173E-01     .176E-05
  71.5         .172E-01     .178E-05
  71.7         .171E-01     .179E-05
  71.8         .169E-01     .181E-05
  72.0         .168E-01     .184E-05
  72.1         .167E-01     .185E-05
  72.3         .166E-01     .186E-05
  72.5         .165E-01     .187E-05
  72.6         .163E-01     .186E-05
  72.8         .162E-01     .185E-05
  72.9         .161E-01     .184E-05
  73.0         .160E-01     .183E-05
  73.2         .159E-01     .182E-05
  73.3         .158E-01     .182E-05
  73.5         .157E-01     .182E-05
  73.6         .156E-01     .182E-05
  73.8         .154E-01     .183E-05
  74.0         .153E-01     .183E-05
  74.1         .152E-01     .183E-05
  74.2         .151E-01     .183E-05
  74.4         .150E-01     .183E-05
  74.5         .149E-01     .182E-05
  74.7         .148E-01     .182E-05
  74.8         .147E-01     .182E-05
  75.0         .146E-01     .183E-05
  75.1         .145E-01     .183E-05
  75.3         .144E-01     .185E-05
  75.5         .143E-01     .186E-05
  75.6         .142E-01     .186E-05
  75.8         .141E-01     .186E-05
  75.9         .140E-01     .185E-05
  76.0         .139E-01     .184E-05
  76.2         .139E-01     .183E-05
  76.3         .138E-01     .182E-05
  76.5         .137E-01     .182E-05
  76.6         .136E-01     .182E-05
  76.8         .135E-01     .182E-05
  77.0         .134E-01     .183E-05
  77.1         .133E-01     .184E-05
  77.2         .132E-01     .185E-05
  77.4         .131E-01     .185E-05
  77.5         .131E-01     .184E-05
  77.7         .130E-01     .183E-05
  77.8         .129E-01     .182E-05
  78.0         .128E-01     .180E-05
  78.1         .127E-01     .179E-05
  78.3         .126E-01     .178E-05
  78.5         .126E-01     .177E-05
  78.6         .125E-01     .177E-05
  78.8         .124E-01     .177E-05
  78.9         .123E-01     .177E-05
  79.0         .122E-01     .177E-05
  79.2         .122E-01     .177E-05
  79.3         .121E-01     .176E-05
  79.5         .120E-01     .176E-05
  79.6         .119E-01     .175E-05
  79.8         .119E-01     .175E-05
  80.0         .118E-01     .176E-05
  80.1         .117E-01     .177E-05
  80.2         .116E-01     .179E-05
  80.4         .116E-01     .181E-05
  80.5         .115E-01     .183E-05
  80.7         .114E-01     .184E-05
  80.8         .114E-01     .184E-05
  81.0         .113E-01     .183E-05
  81.1         .112E-01     .182E-05
  81.3         .111E-01     .180E-05
  81.5         .111E-01     .177E-05
  81.6         .110E-01     .175E-05
  81.8         .109E-01     .172E-05
  81.9         .109E-01     .171E-05
  82.0         .108E-01     .169E-05
  82.2         .108E-01     .169E-05
  82.3         .107E-01     .168E-05
  82.5         .106E-01     .168E-05
  82.6         .106E-01     .168E-05
  82.8         .105E-01     .168E-05
  83.0         .104E-01     .168E-05
  83.1         .104E-01     .169E-05
  83.2         .103E-01     .170E-05
  83.4         .103E-01     .172E-05
  83.5         .102E-01     .174E-05
  83.7         .101E-01     .177E-05
  83.8         .101E-01     .180E-05
  84.0         .100E-01     .183E-05
  84.1         .996E-02     .186E-05
  84.3         .990E-02     .187E-05
  84.5         .984E-02     .187E-05
  84.6         .979E-02     .186E-05
  84.8         .973E-02     .184E-05
  84.9         .967E-02     .181E-05
  85.0         .962E-02     .178E-05
  85.2         .956E-02     .175E-05
  85.3         .951E-02     .172E-05
  85.5         .946E-02     .170E-05
  85.6         .940E-02     .168E-05
  85.8         .935E-02     .167E-05
  86.0         .930E-02     .166E-05
  86.1         .925E-02     .166E-05
  86.2         .919E-02     .166E-05
  86.4         .914E-02     .167E-05
  86.5         .909E-02     .168E-05
  86.7         .904E-02     .169E-05
  86.8         .899E-02     .171E-05
  87.0         .894E-02     .174E-05
  87.1         .889E-02     .177E-05
  87.3         .884E-02     .181E-05
  87.5         .880E-02     .185E-05
  87.6         .875E-02     .189E-05
  87.8         .870E-02     .192E-05
  87.9         .865E-02     .194E-05
  88.0         .861E-02     .195E-05
  88.2         .856E-02     .194E-05
  88.3         .851E-02     .192E-05
  88.5         .847E-02     .189E-05
  88.6         .842E-02     .186E-05
  88.8         .838E-02     .182E-05
  89.0         .833E-02     .178E-05
  89.1         .829E-02     .175E-05
  89.2         .825E-02     .173E-05
  89.4         .820E-02     .171E-05
  89.5         .816E-02     .170E-05
  89.7         .812E-02     .170E-05
  89.8         .807E-02     .170E-05
  90.0         .803E-02     .170E-05
  90.1         .799E-02     .171E-05
  90.3         .795E-02     .172E-05
  90.5         .791E-02     .174E-05
  90.6         .787E-02     .177E-05
  90.8         .782E-02     .180E-05
  90.9         .778E-02     .184E-05
  91.0         .774E-02     .188E-05
  91.2         .771E-02     .193E-05
  91.3         .767E-02     .196E-05
  91.5         .763E-02     .200E-05
  91.6         .759E-02     .202E-05
  91.8         .755E-02     .202E-05
  92.0         .751E-02     .202E-05
  92.1         .747E-02     .200E-05
  92.2         .744E-02     .197E-05
  92.4         .740E-02     .193E-05
  92.5         .736E-02     .189E-05
  92.7         .732E-02     .185E-05
  92.8         .729E-02     .181E-05
  93.0         .725E-02     .178E-05
  93.1         .722E-02     .176E-05
  93.3         .718E-02     .174E-05
  93.5         .715E-02     .173E-05
  93.6         .711E-02     .172E-05
  93.8         .708E-02     .172E-05
  93.9         .704E-02     .173E-05
  94.0         .701E-02     .174E-05
  94.2         .697E-02     .175E-05
  94.3         .694E-02     .178E-05
  94.5         .691E-02     .181E-05
  94.6         .687E-02     .184E-05
  94.8         .684E-02     .189E-05
  95.0         .681E-02     .193E-05
  95.1         .677E-02     .198E-05
  95.2         .674E-02     .202E-05
  95.4         .671E-02     .205E-05
  95.5         .668E-02     .207E-05
  95.7         .665E-02     .207E-05
  95.8         .661E-02     .206E-05
  96.0         .658E-02     .204E-05
  96.1         .655E-02     .200E-05
  96.3         .652E-02     .196E-05
  96.5         .649E-02     .192E-05
  96.6         .646E-02     .187E-05
  96.8         .643E-02     .182E-05
  96.9         .640E-02     .179E-05
  97.0         .637E-02     .175E-05
  97.2         .634E-02     .173E-05
  97.3         .631E-02     .171E-05
  97.5         .628E-02     .170E-05
  97.6         .625E-02     .169E-05
  97.8         .623E-02     .170E-05
  98.0         .620E-02     .170E-05
  98.1         .617E-02     .172E-05
  98.2         .614E-02     .174E-05
  98.4         .611E-02     .177E-05
  98.5         .609E-02     .181E-05
  98.7         .606E-02     .185E-05
  98.8         .603E-02     .190E-05
  99.0         .601E-02     .195E-05
  99.1         .598E-02     .200E-05
  99.3         .595E-02     .204E-05
  99.5         .593E-02     .207E-05
  99.6         .590E-02     .209E-05
  99.8         .587E-02     .210E-05
  99.9         .585E-02     .209E-05
  100.         .582E-02     .206E-05
  100.         .580E-02     .202E-05
  100.         .577E-02     .198E-05
  100.         .575E-02     .192E-05
  101.         .572E-02     .187E-05
  101.         .570E-02     .182E-05
  101.         .567E-02     .177E-05
  101.         .565E-02     .173E-05
  101.         .562E-02     .169E-05
  101.         .560E-02     .167E-05
  102.         .558E-02     .165E-05
  102.         .555E-02     .164E-05
  102.         .553E-02     .163E-05
  102.         .550E-02     .164E-05
  102.         .548E-02     .165E-05
  102.         .546E-02     .167E-05
  102.         .544E-02     .170E-05
  103.         .541E-02     .174E-05
  103.         .539E-02     .179E-05
  103.         .537E-02     .184E-05
  103.         .534E-02     .190E-05
  103.         .532E-02     .196E-05
  103.         .530E-02     .201E-05
  104.         .528E-02     .206E-05
  104.         .526E-02     .210E-05
  104.         .524E-02     .212E-05
  104.         .521E-02     .213E-05
  104.         .519E-02     .212E-05
  104.         .517E-02     .210E-05
  104.         .515E-02     .206E-05
  105.         .513E-02     .201E-05
  105.         .511E-02     .195E-05
  105.         .509E-02     .189E-05
  105.         .507E-02     .183E-05
  105.         .505E-02     .177E-05
  105.         .503E-02     .172E-05
  105.         .501E-02     .168E-05
  106.         .499E-02     .164E-05
  106.         .497E-02     .162E-05
  106.         .495E-02     .160E-05
  106.         .493E-02     .159E-05
  106.         .491E-02     .159E-05
  106.         .489E-02     .160E-05
  106.         .487E-02     .162E-05
  107.         .485E-02     .164E-05
  107.         .483E-02     .168E-05
  107.         .481E-02     .172E-05
  107.         .480E-02     .178E-05
  107.         .478E-02     .184E-05
  107.         .476E-02     .190E-05
  108.         .474E-02     .197E-05
  108.         .472E-02     .203E-05
  108.         .470E-02     .208E-05
  108.         .469E-02     .213E-05
  108.         .467E-02     .216E-05
  108.         .465E-02     .218E-05
  108.         .463E-02     .218E-05
  109.         .462E-02     .217E-05
  109.         .460E-02     .214E-05
  109.         .458E-02     .210E-05
  109.         .456E-02     .204E-05
  109.         .455E-02     .198E-05
  109.         .453E-02     .192E-05
  110.         .451E-02     .186E-05
  110.         .450E-02     .180E-05
  110.         .448E-02     .174E-05
  110.         .446E-02     .170E-05
  110.         .445E-02     .166E-05
  110.         .443E-02     .163E-05
  110.         .442E-02     .161E-05
  111.         .440E-02     .160E-05
  111.         .438E-02     .160E-05
  111.         .437E-02     .160E-05
  111.         .435E-02     .162E-05
  111.         .434E-02     .164E-05
  111.         .432E-02     .168E-05
  111.         .431E-02     .172E-05
  112.         .429E-02     .177E-05
  112.         .428E-02     .183E-05
  112.         .426E-02     .189E-05
  112.         .425E-02     .196E-05
  112.         .423E-02     .202E-05
  112.         .422E-02     .209E-05
  112.         .420E-02     .214E-05
  113.         .419E-02     .219E-05
  113.         .417E-02     .222E-05
  113.         .416E-02     .224E-05
  113.         .414E-02     .224E-05
  113.         .413E-02     .223E-05
  113.         .411E-02     .221E-05
  114.         .410E-02     .216E-05
  114.         .409E-02     .211E-05
  114.         .407E-02     .205E-05
  114.         .406E-02     .199E-05
  114.         .404E-02     .193E-05
  114.         .403E-02     .186E-05
  114.         .402E-02     .180E-05
  115.         .400E-02     .175E-05
  115.         .399E-02     .170E-05
  115.         .398E-02     .166E-05
  115.         .396E-02     .163E-05
  115.         .395E-02     .161E-05
  115.         .394E-02     .160E-05
  116.         .392E-02     .159E-05
  116.         .391E-02     .160E-05
  116.         .390E-02     .161E-05
  116.         .389E-02     .163E-05
  116.         .387E-02     .166E-05
  116.         .386E-02     .170E-05
  116.         .385E-02     .174E-05
  117.         .384E-02     .180E-05
  117.         .382E-02     .185E-05
  117.         .381E-02     .192E-05
  117.         .380E-02     .198E-05
  117.         .379E-02     .204E-05
  117.         .377E-02     .210E-05
  117.         .376E-02     .216E-05
  118.         .375E-02     .220E-05
  118.         .374E-02     .224E-05
  118.         .373E-02     .226E-05
  118.         .372E-02     .226E-05
  118.         .370E-02     .226E-05
  118.         .369E-02     .224E-05
  118.         .368E-02     .220E-05
  119.         .367E-02     .216E-05
  119.         .366E-02     .211E-05
  119.         .365E-02     .205E-05
  119.         .364E-02     .199E-05
  119.         .362E-02     .193E-05
  119.         .361E-02     .187E-05
  120.         .360E-02     .181E-05
  120.         .359E-02     .176E-05
  120.         .358E-02     .171E-05
  120.         .357E-02     .168E-05
  120.         .356E-02     .165E-05
  120.         .355E-02     .162E-05
  120.         .354E-02     .161E-05
  121.         .353E-02     .160E-05
  121.         .352E-02     .160E-05
  121.         .351E-02     .161E-05
  121.         .350E-02     .162E-05
  121.         .349E-02     .165E-05
  121.         .347E-02     .168E-05
  122.         .346E-02     .172E-05
  122.         .345E-02     .176E-05
  122.         .344E-02     .181E-05
  122.         .343E-02     .187E-05
  122.         .342E-02     .193E-05
  122.         .341E-02     .199E-05
  122.         .340E-02     .205E-05
  123.         .340E-02     .211E-05
  123.         .339E-02     .217E-05
  123.         .338E-02     .222E-05
  123.         .337E-02     .226E-05
  123.         .336E-02     .229E-05
  123.         .335E-02     .231E-05
  123.         .334E-02     .231E-05
  124.         .333E-02     .230E-05
  124.         .332E-02     .228E-05
  124.         .331E-02     .225E-05
  124.         .330E-02     .221E-05
  124.         .329E-02     .216E-05
  124.         .328E-02     .210E-05
  124.         .327E-02     .204E-05
  125.         .326E-02     .198E-05
  125.         .326E-02     .191E-05
  125.         .325E-02     .185E-05
  125.         .324E-02     .180E-05
  125.         .323E-02     .174E-05
  125.         .322E-02     .170E-05
  126.         .321E-02     .166E-05
  126.         .320E-02     .162E-05
  126.         .319E-02     .160E-05
  126.         .319E-02     .158E-05
  126.         .318E-02     .157E-05
  126.         .317E-02     .156E-05
  126.         .316E-02     .156E-05
  127.         .315E-02     .157E-05
  127.         .314E-02     .159E-05
  127.         .314E-02     .161E-05
  127.         .313E-02     .164E-05
  127.         .312E-02     .168E-05
  127.         .311E-02     .173E-05
  128.         .310E-02     .178E-05
  128.         .310E-02     .183E-05
  128.         .309E-02     .189E-05
  128.         .308E-02     .195E-05
  128.         .307E-02     .201E-05
  128.         .306E-02     .208E-05
  128.         .306E-02     .213E-05
  129.         .305E-02     .219E-05
  129.         .304E-02     .223E-05
  129.         .303E-02     .227E-05
  129.         .303E-02     .230E-05
  129.         .302E-02     .232E-05
  129.         .301E-02     .233E-05
  129.         .300E-02     .233E-05
  130.         .300E-02     .232E-05
  130.         .299E-02     .229E-05
  130.         .298E-02     .226E-05
  130.         .297E-02     .222E-05
  130.         .297E-02     .217E-05
  130.         .296E-02     .211E-05
  130.         .295E-02     .205E-05
  131.         .294E-02     .199E-05
  131.         .294E-02     .193E-05
  131.         .293E-02     .187E-05
  131.         .292E-02     .182E-05
  131.         .292E-02     .176E-05
  131.         .291E-02     .171E-05
  132.         .290E-02     .167E-05
  132.         .290E-02     .163E-05
  132.         .289E-02     .160E-05
  132.         .288E-02     .158E-05
  132.         .288E-02     .156E-05
  132.         .287E-02     .154E-05
  132.         .286E-02     .154E-05
  133.         .286E-02     .154E-05
  133.         .285E-02     .154E-05
  133.         .284E-02     .156E-05
  133.         .284E-02     .157E-05
  133.         .283E-02     .160E-05
  133.         .282E-02     .163E-05
  134.         .282E-02     .167E-05
  134.         .281E-02     .171E-05
  134.         .280E-02     .176E-05
  134.         .280E-02     .181E-05
  134.         .279E-02     .186E-05
  134.         .279E-02     .192E-05
  134.         .278E-02     .198E-05
  135.         .277E-02     .205E-05
  135.         .277E-02     .211E-05
  135.         .276E-02     .217E-05
  135.         .276E-02     .222E-05
  135.         .275E-02     .227E-05
  135.         .274E-02     .232E-05
  135.         .274E-02     .235E-05
  136.         .273E-02     .238E-05
  136.         .273E-02     .240E-05
  136.         .272E-02     .241E-05
  136.         .271E-02     .241E-05
  136.         .271E-02     .241E-05
  136.         .270E-02     .239E-05
  136.         .270E-02     .236E-05
  137.         .269E-02     .233E-05
  137.         .269E-02     .229E-05
  137.         .268E-02     .224E-05
  137.         .268E-02     .219E-05
  137.         .267E-02     .213E-05
  137.         .266E-02     .208E-05
  138.         .266E-02     .202E-05
  138.         .265E-02     .196E-05
  138.         .265E-02     .190E-05
  138.         .264E-02     .185E-05
  138.         .264E-02     .180E-05
  138.         .263E-02     .175E-05
  138.         .263E-02     .171E-05
  139.         .262E-02     .167E-05
  139.         .262E-02     .163E-05
  139.         .261E-02     .160E-05
  139.         .261E-02     .158E-05
  139.         .260E-02     .156E-05
  139.         .260E-02     .155E-05
  140.         .259E-02     .154E-05
  140.         .259E-02     .154E-05
  140.         .258E-02     .154E-05
  140.         .258E-02     .155E-05
  140.         .257E-02     .156E-05
  140.         .257E-02     .158E-05
  140.         .256E-02     .160E-05
  141.         .256E-02     .163E-05
  141.         .255E-02     .166E-05
  141.         .255E-02     .170E-05
  141.         .254E-02     .174E-05
  141.         .254E-02     .178E-05
  141.         .253E-02     .183E-05
  141.         .253E-02     .188E-05
  142.         .252E-02     .193E-05
  142.         .252E-02     .199E-05
  142.         .252E-02     .204E-05
  142.         .251E-02     .210E-05
  142.         .251E-02     .215E-05
  142.         .250E-02     .220E-05
  142.         .250E-02     .225E-05
  143.         .249E-02     .229E-05
  143.         .249E-02     .234E-05
  143.         .248E-02     .237E-05
  143.         .248E-02     .240E-05
  143.         .248E-02     .243E-05
  143.         .247E-02     .244E-05
  144.         .247E-02     .245E-05
  144.         .246E-02     .246E-05
  144.         .246E-02     .245E-05
  144.         .245E-02     .244E-05
  144.         .245E-02     .243E-05
  144.         .245E-02     .241E-05
  144.         .244E-02     .238E-05
  145.         .244E-02     .234E-05
  145.         .243E-02     .231E-05
  145.         .243E-02     .226E-05
  145.         .243E-02     .222E-05
  145.         .242E-02     .217E-05
  145.         .242E-02     .212E-05
  146.         .241E-02     .207E-05
  146.         .241E-02     .202E-05
  146.         .241E-02     .197E-05
  146.         .240E-02     .192E-05
  146.         .240E-02     .188E-05
  146.         .239E-02     .183E-05
  146.         .239E-02     .179E-05
  147.         .239E-02     .175E-05
  147.         .238E-02     .171E-05
  147.         .238E-02     .167E-05
  147.         .238E-02     .164E-05
  147.         .237E-02     .161E-05
  147.         .237E-02     .159E-05
  147.         .236E-02     .157E-05
  148.         .236E-02     .155E-05
  148.         .236E-02     .154E-05
  148.         .235E-02     .153E-05
  148.         .235E-02     .152E-05
  148.         .235E-02     .152E-05
  148.         .234E-02     .152E-05
  148.         .234E-02     .152E-05
  149.         .234E-02     .153E-05
  149.         .233E-02     .154E-05
  149.         .233E-02     .155E-05
  149.         .233E-02     .157E-05
  149.         .232E-02     .159E-05
  149.         .232E-02     .161E-05
  150.         .232E-02     .164E-05
  150.         .231E-02     .166E-05
  150.         .231E-02     .170E-05
  150.         .231E-02     .173E-05
