   0.00   4.189359E+01     -0.0000
   1.00   4.141598E+01     -1.2552
   2.00   4.001257E+01     -2.5493
   3.00   3.776908E+01     -3.9240
   4.00   3.482034E+01     -5.4256
   5.00   3.133897E+01     -7.1087
   6.00   2.752149E+01     -9.0383
   7.00   2.357287E+01    -11.2917
   8.00   1.969145E+01    -13.9568
   9.00   1.605521E+01    -17.1194
  10.00   1.281092E+01    -20.8241
  11.00   1.006654E+01    -24.9766
  12.00   7.887548E+00    -29.1473
  13.00   6.296895E+00    -32.3117
  14.00   5.278308E+00    -32.8685
  15.00   4.782181E+00    -29.5643
  16.00   4.733265E+00    -22.9222
  17.00   5.039247E+00    -15.0998
  18.00   5.599405E+00     -8.0848
  19.00   6.312613E+00     -2.6852
  20.00   7.084174E+00      1.1518
  21.00   7.831114E+00      3.7757
  22.00   8.485802E+00      5.5385
  23.00   8.997881E+00      6.7096
  24.00   9.334677E+00      7.4762
  25.00   9.480314E+00      7.9632
  26.00   9.433839E+00      8.2527
  27.00   9.206679E+00      8.3985
  28.00   8.819728E+00      8.4354
  29.00   8.300357E+00      8.3859
  30.00   7.679554E+00      8.2643
  31.00   6.989378E+00      8.0796
  32.00   6.260835E+00      7.8374
  33.00   5.522237E+00      7.5417
  34.00   4.798047E+00      7.1968
  35.00   4.108207E+00      6.8088
  36.00   3.467865E+00      6.3888
  37.00   2.887462E+00      5.9561
  38.00   2.373076E+00      5.5439
  39.00   1.926964E+00      5.2069
  40.00   1.548210E+00      5.0316
  41.00   1.233419E+00      5.1486
  42.00   9.774118E-01      5.7443
  43.00   7.738648E-01      7.0633
  44.00   6.158710E-01      9.3859
  45.00   4.964093E-01     12.9581
  46.00   4.087085E-01     17.8656
  47.00   3.465113E-01     23.8898
  48.00   3.042441E-01     30.4496
  49.00   2.771053E-01     36.7308
  50.00   2.610875E-01     41.9622
  51.00   2.529464E-01     45.6566
  52.00   2.501352E-01     47.6760
  53.00   2.507148E-01     48.1413
  54.00   2.532545E-01     47.2994
  55.00   2.567305E-01     45.4226
  56.00   2.604319E-01     42.7586
  57.00   2.638766E-01     39.5154
  58.00   2.667419E-01     35.8637
  59.00   2.688101E-01     31.9439
  60.00   2.699287E-01     27.8721
  61.00   2.699836E-01     23.7456
  62.00   2.688843E-01     19.6446
  63.00   2.665571E-01     15.6345
  64.00   2.629450E-01     11.7663
  65.00   2.580113E-01      8.0787
  66.00   2.517453E-01      4.5987
  67.00   2.441675E-01      1.3444
  68.00   2.353340E-01     -1.6735
  69.00   2.253389E-01     -4.4490
  70.00   2.143137E-01     -6.9781
  71.00   2.024249E-01     -9.2569
  72.00   1.898683E-01    -11.2787
  73.00   1.768620E-01    -13.0314
  74.00   1.636383E-01    -14.4956
  75.00   1.504339E-01    -15.6419
  76.00   1.374806E-01    -16.4286
  77.00   1.249968E-01    -16.8004
  78.00   1.131790E-01    -16.6885
  79.00   1.021954E-01    -16.0124
  80.00   9.218119E-02    -14.6867
  81.00   8.323482E-02    -12.6328
  82.00   7.541694E-02     -9.7978
  83.00   6.875060E-02     -6.1778
  84.00   6.322312E-02     -1.8424
  85.00   5.878937E-02      3.0508
  86.00   5.537600E-02      8.2603
  87.00   5.288653E-02     13.4903
  88.00   5.120680E-02     18.4399
  89.00   5.021066E-02     22.8556
  90.00   4.976554E-02     26.5684
  91.00   4.973762E-02     29.5062
  92.00   4.999662E-02     31.6821
  93.00   5.041984E-02     33.1688
  94.00   5.089555E-02     34.0718
  95.00   5.132555E-02     34.5062
  96.00   5.162693E-02     34.5825
  97.00   5.173314E-02     34.3983
  98.00   5.159422E-02     34.0357
  99.00   5.117652E-02     33.5615
 100.00   5.046181E-02     33.0291
 101.00   4.944596E-02     32.4813
 102.00   4.813734E-02     31.9522
 103.00   4.655496E-02     31.4702
 104.00   4.472652E-02     31.0594
 105.00   4.268641E-02     30.7414
 106.00   4.047373E-02     30.5371
 107.00   3.813045E-02     30.4670
 108.00   3.569966E-02     30.5526
 109.00   3.322407E-02     30.8171
 110.00   3.074466E-02     31.2853
 111.00   2.829957E-02     31.9839
 112.00   2.592323E-02     32.9411
 113.00   2.364573E-02     34.1853
 114.00   2.149238E-02     35.7436
 115.00   1.948345E-02     37.6380
 116.00   1.763414E-02     39.8816
 117.00   1.595464E-02     42.4724
 118.00   1.445033E-02     45.3866
 119.00   1.312216E-02     48.5719
 120.00   1.196696E-02     51.9423
 121.00   1.097803E-02     55.3776
 122.00   1.014556E-02     58.7288
 123.00   9.457263E-03     61.8319
 124.00   8.898930E-03     64.5280
 125.00   8.454994E-03     66.6857
 126.00   8.109090E-03     68.2197
 127.00   7.844579E-03     69.1009
 128.00   7.645022E-03     69.3553
 129.00   7.494609E-03     69.0535
 130.00   7.378531E-03     68.2949
 131.00   7.283287E-03     67.1913
 132.00   7.196934E-03     65.8537
 133.00   7.109263E-03     64.3836
 134.00   7.011911E-03     62.8676
 135.00   6.898400E-03     61.3766
 136.00   6.764115E-03     59.9668
 137.00   6.606219E-03     58.6811
 138.00   6.423511E-03     57.5519
 139.00   6.216253E-03     56.6030
 140.00   5.985951E-03     55.8522
 141.00   5.735132E-03     55.3120
 142.00   5.467101E-03     54.9913
 143.00   5.185702E-03     54.8954
 144.00   4.895089E-03     55.0271
 145.00   4.599514E-03     55.3858
 146.00   4.303133E-03     55.9677
 147.00   4.009844E-03     56.7648
 148.00   3.723157E-03     57.7645
 149.00   3.446095E-03     58.9484
 150.00   3.181139E-03     60.2919
 151.00   2.930205E-03     61.7630
 152.00   2.694655E-03     63.3222
 153.00   2.475331E-03     64.9219
 154.00   2.272617E-03     66.5073
 155.00   2.086508E-03     68.0163
 156.00   1.916685E-03     69.3812
 157.00   1.762595E-03     70.5303
 158.00   1.623521E-03     71.3900
 159.00   1.498651E-03     71.8871
 160.00   1.387128E-03     71.9520
 161.00   1.288094E-03     71.5218
 162.00   1.200724E-03     70.5441
 163.00   1.124235E-03     68.9808
 164.00   1.057897E-03     66.8128
 165.00   1.001027E-03     64.0440
 166.00   9.529674E-04     60.7044
 167.00   9.130747E-04     56.8517
 168.00   8.806940E-04     52.5693
 169.00   8.551427E-04     47.9612
 170.00   8.356983E-04     43.1433
 171.00   8.215946E-04     38.2329
 172.00   8.120273E-04     33.3373
 173.00   8.061679E-04     28.5449
 174.00   8.031859E-04     23.9187
 175.00   8.022761E-04     19.4946
 176.00   8.026887E-04     15.2815
 177.00   8.037597E-04     11.2651
 178.00   8.049397E-04      7.4123
 179.00   8.058176E-04      3.6759
 180.00   8.061389E-04     -0.0000
